-86
-119
-290
-383
-175
-99
-52
-356
111
232
224
224
424
24
242
242
242
423
242
242
4
4
566
56
565
57
67
6
67
667
67
66
6
767
667
67
242
242
-115
-371
-479
-105
-43
-492
-175
-318
-439
-395
-346
-121
-71
-433
-198
-437
-466
-99
-78
-193
-129
-89
-146
-249
-271
-167
-394
-277
-261
-363
-112
-232
-176
-470
-430
-47
-70
-414
-291
-329
-105
-304
-342
-343
-166
-359
-287
-22
-93
-252
-5
-256
-89
-430
-21
-322
-270
-489
-82
-423
-45
-235
-488
-348
-32
-198
-285
-251
-63
-352
-4
-170
-99
-248
-369
-226
-340
-359
-287
-254
-301
-349
-247
-142
-117
-31
-424
-152
-166
-256
-187
-367
-213
-478
-310
-284
-130
-459
-134
-90
-123
-484
-310
-230
-414
-483
-353
-193
-61
-444
-33
-254
-97
-132
-175
-89
-401
-51
-339
-380
-408
-284
-9
-51
5
-175
-278
-266
-260
-77
-148
-140
-201
-111
-355
-135
-108
-141
-464
-76
-45
-93
-190
-168
-41
-54
-207
-142
-416
-240
-97
-148
-316
-40
-265
-160
-486
-97
-62
-268
-384
-272
-416
-245
-54
-85
-351
-426
-374
-476
-458
-105
-65
-403
-473
-141
-159
-163
-403
-405
-420
-452
-448
-255
-294
-339
-53
-164
-244
-440
-105
-247
-328
-410
-271
-119
-469
-346
-210
-104
-215
-284
-399
-405
-473
-270
-282
-290
-143
-41
-205
-69
-30
-451
-215
-17
-68
-354
-26
-356
-488
-406
-63
-4
-89
-142
-341
-134
-56
-99
-201
-184
-437
-37
-486
-412
-154
-258
-71
-465
-141
-377
-499
-421
-334
8
-243
-92
-187
-450
-404
-371
-276
-46
-86
-414
-115
-226
-346
-51
-323
-303
-41
-42
-491
-365
-291
-184
-455
-390
-11
-396
-68
-326
-445
-376
6
-229
-249
-490
-410
-121
-474
-446
-118
-211
-374
-166
-261
-83
-51
-18
-251
-98
-441
-409
-357
-248
-488
-262
-484
-160
-169
-61
-229
-27
-477
-2
-165
-290
-95
-164
-136
-440
-198
-488
-30
-91
-179
-143
-418
-9
-20
6
-143
-46
-209
-131
-330
-134
-204
-413
-23
-267
-248
-16
-125
-153
-118
-298
-172
-241
-235
0
-264
-227
-458
-49
-430
4
-141
-176
-102
-490
-422
-179
-489
-50
9
-333
-267
-278
-148
-290
-112
1
-150
-24
-141
-488
-469
-389
-205
-180
-169
-66
-256
-351
-457
-470
-439
-492
-403
-257
-468
-191
-114
-218
-482
-232
-347
-223
-112
-128
-105
-315
-41
-74
-147
-241
-105
-235
-271
-271
-94
-77
-429
-81
-493
-78
-252
-59
-295
-304
-473
-436
-195
-148
-452
-328
-500
-174
-388
-465
-478
-410
-457
-102
-244
-95
-287
-452
-121
-459
-127
-354
-394
-189
-428
-380
-198
-150
-8
-464
-73
-405
-484
-371
-379
-105
1
-127
-430
-37
8
-388
-156
-166
-230
-61
-495
7
9
-475
-80
-437
-355
-250
-295
-489
-3
-317
-183
-198
-467
-487
-234
-148
-406
-406
-33
-303
-218
-289
-150
-90
-66
-25
-180
-314
-134
-495
-417
-235
-335
-217
-136
-468
-323
-449
-466
-383
-196
-140
1
-422
-344
-290
-5
-388
-498
-97
-325
-150
-244
-354
-36
-181
-344
-327
-151
-446
-181
-7
-202
-101
-18
-139
-142
-356
-288
-365
-126
-48
-64
-147
-291
-271
2
-1
-445
-3
-96
-472
-336
-187
-463
-63
-13
-494
-58
-425
-166
-360
-432
-69
-197
-427
-108
-146
-450
-117
-341
-274
-49
-98
-127
-353
-420
-438
-156
-80
-185
-361
-243
-112
-258
-396
-32
-12
-486
-235
-29
-79
-453
-480
-267
-460
-4
-345
-285
-380
-372
-97
-448
-245
-249
-107
-178
-348
-166
-301
-291
-418
-220
-267
-225
-444
-311
-151
-183
-240
-206
-323
-435
-42
-63
-232
-170
-238
-298
-469
-287
-286
-217
-440
-2
-139
-118
-286
-274
-489
-240
-487
-424
-302
-208
-433
-260
-170
-7
-375
-109
-143
-283
-302
-374
-153
-179
-255
-107
-28
-16
-82
-26
-240
-66
-262
-192
-300
-331
-278
-416
-157
-288
-127
-408
-357
-383
-316
-465
-136
-426
-253
-157
-266
-83
-468
-385
-48
-480
-471
-488
-64
-435
-91
-39
-361
-230
-395
-446
-296
-176
-268
-338
-333
-352
-41
-449
-12
-318
-213
-416
-233
-482
-336
-203
-30
-133
-201
-7
-491
-499
-494
-468
-351
-13
-488
-348
-1
-376
-91
-59
-330
-40
-12
-355
-210
-491
-209
-378
-236
-410
-443
-31
-376
-196
-401
-109
-347
-255
-305
-300
-229
-427
-391
-406
-79
-194
-117
-84
-18
-64
-248
-359
-167
-215
-431
-279
-265
-445
-330
-405
-430
-252
-268
-216
-33
-223
-157
-362
-447
-303
-88
-268
-253
-468
-131
-42
-157
-294
-322
-391
-243
-256
-320
-400
-228
-73
-203
-31
-475
-213
-154
-472
-337
-112
-500
-254
-430
-207
-497
-400
-128
-404
-139
-50
-200
-340
-42
-28
-23
-284
-291
-197
-68
-211
-177
-379
-30
-453
-244
-114
-158
-356
-191
1
-417
-314
-378
-148
-399
-326
-372
-200
-339
-221
-339
-463
-220
-229
-65
-475
-301
-204
-177
-197
-397
-446
-65
-286
-95
-323
-361
-370
-487
-118
-197
-119
-477
-337
-134
-216
-353
-432
-336
-344
-66
-479
-58
-139
-444
-381
-416
-335
-372
-279
-280
-293
-380
-132
-241
-59
-381
-3
-475
-54
-239
-415
-227
-408
-318
-46
-313
-482
-42
-85
-243
-343
-399
-354
-175
-113
-351
-394
-129
-85
-266
-293
-348
-406
-27
-228
-330
-355
-138
-345
-196
-308
-42
-295
-460
-308
-404
-70
-495
-40
-179
-405
-483
-353
2
-262
-494
-1
-106
-184
-418
-65
-237
-306
-383
-98
-144
-230
-480
-46
-459
-15
-369
-334
0
-115
-482
-153
-380
-416
-332
-191
-355
-478
-35
-297
-141
-160
-418
-294
-468
-364
-129
-201
-353
-303
-286
-314
-203
-209
-224
-228
-271
-443
-102
-397
-478
-140
-72
0
-333
-389
-259
-137
-414
-380
-74
-118
-151
-290
-225
-108
-403
-59
-218
-138
-12
-201
-369
-206
-8
-91
-326
-370
-246
0
-390
-409
-119
-278
-299
-185
-409
-446
-446
-494
-204
-412
-335
-399
-77
-57
-420
-82
-252
-363
-449
-453
-438
-400
-68
-219
-98
-183
-38
-378
-15
-192
-235
-500
-31
-261
-74
-254
-434
-274
-446
-27
-121
-258
-87
-415
-415
-400
-358
-34
-162
-433
-277
-163
-310
-166
-305
-227
-264
-325
-423
-370
-163
-11
-474
-78
-42
-264
-223
-457
-306
-394
-195
-436
-44
-421
-102
-43
-6
-124
-378
-15
-302
-66
-355
-495
-307
-423
-325
-277
-329
-444
-350
-80
-394
-496
-405
-5
-138
-320
-490
-177
-383
-419
-290
-316
-122
2
-76
-268
-220
-264
-342
-83
1
-454
-227
-488
-499
-358
-55
-474
-497
-139
-371
-26
-329
-196
-214
-455
-332
-430
-412
-101
-386
-150
-384
-327
-56
-257
-19
-339
-5
-418
-464
-241
-104
-492
-43
-113
-68
-19
-202
-50
-342
-310
-36
-42
-245
-482
-195
-336
-419
-315
-24
-414
-97
-443
-9
-408
-371
-208
-50
-355
-431
2
-92
-6
-187
-156
-233
-347
-199
-46
-85
-18
-467
-275
-261
-420
-193
-395
-88
-52
-377
-219
-110
-409
-130
-84
-167
-449
-275
-395
-87
-350
-107
-473
-362
-311
-298
-452
-430
-290
-48
-439
-447
-304
-426
-226
-382
-252
-482
-229
-282
-246
-80
-318
-405
-135
-449
-231
-198
-178
-299
-115
-348
-202
-93
-120
-476
-452
-140
-162
-405
-103
3
-190
-268
-17
-494
-170
-363
-358
-408
-144
-245
-211
-68
-282
-415
-351
-407
-322
-428
-380
-339
-33
-234
-178
-135
-63
-249
-466
-273
-55
-491
-263
-439
-241
-141
-329
-271
-355
-184
-105
-318
-400
-335
-402
-268
-129
-141
-127
-343
-458
-99
-276
-316
-6
-315
-295
-174
-409
-138
-62
-364
-199
-319
3
-450
-247
-364
-367
-477
-377
-299
-480
-81
6
-20
-210
-399
-432
-55
-58
-368
-246
-271
-389
-164
-43
-191
-440
-387
-377
-335
-315
-334
-54
-176
-182
-339
-111
-146
6
-374
-283
-38
-480
-81
-406
-415
-54
-149
-259
-320
-44
-175
-260
-223
-490
-59
-280
-309
-485
-88
-42
-300
-25
-469
-303
-98
-442
-253
-409
-30
-107
-446
-319
-161
-266
-263
-271
-425
-320
-480
-467
-162
-139
-131
-161
-80
-66
-57
-168
-287
-62
-453
-190
-100
-223
-180
-257
-22
6
-434
-135
-211
-445
-491
-83
-195
-277
-130
-139
-139
-441
4
-286
-406
-113
-245
-301
-89
-472
-132
-414
-1
-442
-163
-478
-105
-334
-99
-9
8
-282
-433
-190
-13
-86
-183
-226
-377
-51
-449
-206
-337
-265
-244
-360
-380
-84
-461
-104
-45
-391
-346
-470
-276
-10
-396
-229
-209
-393
-1
-40
-206
-52
-22
-208
-25
-34
-390
-185
-68
-164
-454
-3
-68
-159
-435
-292
-294
-360
-406
-82
-185
-242
-223
-454
-481
-210
-332
-399
-278
-222
-187
-365
-73
-185
-136
2
-403
-352
-176
-255
-401
-25
-159
-212
-58
-253
-219
-59
-171
-161
-12
-167
-278
-444
-275
-351
-484
-358
-267
-305
-280
-203
-13
-490
-180
-249
-171
-430
-411
-4
-456
-93
-116
-131
-479
-166
-11
-178
-36
-301
-32
-215
-265
-201
-302
-272
-156
-291
-225
-499
-213
-252
-349
-239
-4
-186
-484
-155
-24
-287
-491
-231
-487
-160
-306
-165
-211
-168
-402
-141
-406
-481
-125
-468
-16
-430
-67
9
-215
-17
-500
-239
-348
-371
-454
-355
-2
-245
-163
-147
-127
-285
-199
-269
-433
-367
-314
-229
-349
-452
-408
-480
-362
-19
-191
-11
-11
-225
-405
-241
-116
-88
-444
-362
-140
5
-292
-443
-272
-159
-371
-138
-212
-355
-147
-433
-230
-412
-302
-205
-487
-59
-70
-311
-83
-445
-273
-271
-335
-235
-42
-119
-322
-95
-69
-232
-93
-389
-239
-127
-50
-4
-336
-130
-452
-346
-134
-219
-197
-277
-261
-353
-124
1
-338
-294
-212
-66
-347
-128
-102
-65
-193
-306
-135
-168
-328
6
-331
-35
-390
-197
-242
-385
-427
-270
-71
-470
-135
-364
-172
-226
-140
-198
-90
-97
-129
-40
-102
-74
-160
-480
-111
-59
-477
-500
-397
-444
-372
-200
-111
-88
-135
-85
-414
-370
-280
-325
-131
-66
-117
-164
-361
-359
-271
-457
-404
-185
-86
-243
-279
-49
-313
-354
-94
-19
-388
-263
-47
-426
-428
-124
-126
-285
-125
-169
-288
-291
-124
-236
-424
-441
-355
-170
-163
-83
-234
-413
-187
-495
-406
-323
-130
-418
-456
-97
-483
-324
-81
-410
-307
-223
-445
-357
-69
-186
-434
-223
-489
-346
-233
-20
-170
8
-115
-219
-176
-498
-92
-107
-363
-322
-57
-458
-74
-165
-489
-4
-372
-427
-439
-102
-478
-372
-293
-146
-461
-27
-371
-226
-436
-480
-488
-287
-354
-453
-459
-322
-421
-268
-444
-461
9
-204
-363
-235
-237
-251
-258
-224
-490
-47
-402
-492
-290
-93
-325
-470
-146
-418
-384
-467
-440
-126
-304
-77
-160
-439
-451
-295
-266
-27
-63
-410
-449
-482
-117
-111
-151
-396
-199
-58
-70
-274
-458
-218
-79
-465
-70
-277
-149
-450
-231
-66
-68
-225
-98
-370
-326
-27
-242
-10
-396
-61
-207
-152
-406
-84
-198
-103
-116
-73
-460
-142
-326
-448
-334
5
-486
-197
-198
-439
-153
-16
-223
-373
-139
-296
-156
-480
-206
-112
-289
-300
-229
-176
-338
-242
-129
-130
5
-438
-144
-16
-419
-214
-351
-235
-480
-267
-447
-178
-4
-409
-195
-423
-252
-67
-432
-381
-258
-185
-227
-426
-199
-425
-34
-35
-34
-483
-399
-20
-156
-234
-480
-351
-127
-54
-31
-230
-435
-242
-342
-309
-275
-402
-252
-264
-70
-237
-172
2
-250
-36
-27
-89
-184
-24
-222
-302
-275
-320
-179
-255
-260
-359
-180
-219
-92
-492
-460
-28
-201
-89
-466
-378
-311
-409
-404
-172
-100
-316
-152
-30
-383
-89
-192
-359
-484
-396
-331
-203
-225
-399
-47
-90
-384
-451
-138
-93
-369
-373
-181
0
-130
-166
-300
-390
-335
-447
-443
-260
2
-229
-397
-384
-445
-247
-234
-184
-231
-271
-19
-179
-76
-445
-155
-253
-398
-355
-330
-105
-445
-145
-8
-238
-224
-393
-305
-318
-46
-274
-39
-485
-239
-121
-56
-428
-153
-366
-170
-75
-415
-293
-16
-53
2
-4
-127
-425
-368
-308
-244
-290
-297
-98
-498
-177
-102
-54
-359
-331
-367
-454
-114
-198
-284
-190
-41
-34
-323
-61
-213
-489
-322
-93
-29
-200
-470
-226
-430
-313
-135
-207
-496
-426
-302
-231
-297
-328
-181
-140
-38
-172
-111
-21
-365
-334
-392
-115
-288
-297
-463
-336
-22
-275
-82
-435
-286
-397
-233
-227
-301
-55
-280
-28
-292
-84
-485
-65
-459
-23
-275
-84
-195
-362
-267
-73
-489
-19
-339
-11
-185
-439
-414
-27
-287
-248
-157
-75
-219
-65
-321
-444
-291
-92
-23
-335
-223
-419
-316
-24
-337
-404
1
-417
-40
-104
-67
-214
-262
-321
-47
-138
-363
-442
-489
-316
-455
-338
-457
-91
-364
-143
-224
-275
-131
-208
-348
-69
-260
-452
-491
-223
-354
-189
-425
-387
-386
-268
-281
-260
-68
-218
-102
-157
-82
-88
-81
-166
-155
-265
-319
-84
-466
-484
-97
-395
-375
-141
-265
-58
-409
-195
-373
-235
-183
-65
-170
-105
6
-98
-260
-140
-362
-44
-393
-152
-194
-462
-481
-154
-205
-171
-266
-134
-232
-475
-287
-276
-397
-403
-451
-133
-220
-328
-48
-415
-245
-69
-235
-382
-399
-69
-104
-465
-236
-359
-462
-287
-351
-118
-18
-152
-347
-439
-256
-221
-46
-59
-406
-489
-3
-205
-157
-52
6
-498
-133
-174
-25
-156
-241
-129
-447
-369
-399
-223
-248
-346
-303
-456
-299
-400
-268
-394
-156
-386
-460
-229
-21
-77
-97
-355
-77
-299
-192
-441
-210
-336
-383
-383
-418
-181
-191
-134
-171
-81
-96
-438
-22
-22
-356
-425
-197
-98
-16
-487
-305
-57
-151
-138
-446
-343
-304
-449
-132
-54
-467
-60
-9
6
-476
-105
-28
-449
-371
-461
-110
-233
-306
-5
-269
8
-500
-335
-15
-240
-109
-363
-25
-268
-276
-96
-65
-448
-34
-235
-213
-33
-385
-6
-497
-500
-471
-322
-388
-403
-123
-139
-146
-8
-352
-16
-360
-82
-413
-439
-457
-148
-161
-63
-325
-309
-356
-284
-339
-73
-239
-59
-395
-216
-472
-329
-463
-150
-184
-195
-162
-194
-103
-262
-311
-375
-427
-246
-160
-267
-115
-69
-315
-13
-95
-301
-418
-397
-112
-356
-411
-79
-203
-322
-218
-262
-178
-430
-142
-221
-103
-438
-143
-493
-367
-411
-205
-54
-472
-74
-2
-401
-53
-93
-23
-244
-405
-49
-448
-264
-211
6
-153
-364
-248
-147
-291
-153
-171
-129
-385
-245
-74
9
-476
-162
-74
-487
-190
-198
-241
-306
-270
-404
-303
-121
-165
-412
-49
-339
-153
-254
-4
-87
-16
-432
-70
-347
-153
-146
-109
-334
-288
-71
-249
-395
-359
-399
9
-221
-125
-134
-38
-237
-421
-455
-100
-307
-486
-407
-368
-469
-36
-285
-246
-280
-236
-73
-152
-350
-61
-93
-339
-102
-288
-167
-422
-355
-119
-140
-276
-198
-389
-140
-10
-35
-152
-34
-84
-144
-240
-204
-3
-69
-193
-285
-312
-49
-146
-176
-41
-386
-468
-98
-253
-268
-31
-452
-181
-65
-323
-272
-281
-454
-147
-168
-333
-242
-321
-387
-146
-430
-237
-64
-192
-157
-100
-483
-82
-263
-140
-320
-486
-11
-416
-431
-357
-271
-473
-214
-110
-439
-413
-214
-133
-154
-271
-319
-289
-172
-388
0
-357
-188
-122
-377
-154
-58
-184
-441
-395
-263
-341
-37
5
-241
-77
-265
-248
-328
-174
-127
-307
-123
-356
-434
-276
-90
-281
-41
-96
-489
-435
-22
-215
-317
-122
7
-328
-118
-189
-56
-270
-316
-121
-377
-335
-270
-376
-302
-205
-448
-425
-19
-236
-154
-152
-182
-97
-3
-129
-238
-34
-317
-202
-360
-461
-97
-167
-348
-422
-37
-69
-288
-238
-180
-22
-372
-229
-372
-353
-353
-487
-123
-446
-46
-466
-296
-407
-480
-123
-394
-161
-301
-211
-317
-312
-154
-348
-197
-264
-302
-91
-385
-277
-74
-44
-413
-449
-392
-195
-383
-399
-390
-153
-142
-332
-482
-164
-115
-124
-56
-319
-249
-312
-251
-428
-49
-124
-64
-138
-488
-296
-163
-365
-309
-212
-241
-366
-69
-40
-108
-223
-10
-171
-51
-87
-380
-340
-225
-5
-255
-449
-419
-16
-153
-416
-153
-272
-311
-256
-341
-130
-212
-133
-186
-57
7
-337
-442
1
-127
-25
-149
-339
-19
-108
-347
-6
-166
-411
-468
-363
-416
-15
-14
-485
-415
-54
-338
-398
-467
-216
-124
-264
-249
-461
-18
-253
-3
-443
-254
-349
-60
-300
-241
-97
-355
-444
-397
-135
-121
-258
-96
-453
-356
-220
-336
-151
-286
-381
-67
-384
-344
-433
-335
-29
-184
-430
-343
-404
-143
-415
-17
-48
-399
-366
-78
-131
-428
8
-369
-144
-185
-203
-142
-423
-34
-121
-113
-21
-340
-63
-218
-330
-397
-99
-404
-314
-456
-215
-73
-335
-436
-10
-320
-339
-408
-106
-483
-338
-333
-151
-128
-78
-107
-201
-497
-499
-385
-147
-318
5
-189
-396
-472
-255
-182
-114
-7
-385
8
-167
-189
-264
-189
-359
-232
-347
-327
-217
-279
-74
-18
-25
-351
-330
-389
-442
-338
-135
-55
-490
8
-330
-261
-92
-188
-68
-8
-129
-304
-91
-452
-247
-297
-2
-368
-255
-94
-54
-35
-396
-79
-17
-430
-358
-332
-156
-90
-319
-456
-79
-261
-83
-498
-280
-380
-13
-116
-202
-384
-75
-439
-413
-331
-302
-278
-219
-297
-42
-453
-284
-311
-181
-488
-402
-241
-419
-222
-386
-131
-295
-145
-5
-300
-55
-188
-3
-391
5
-274
-42
-171
-333
-291
-386
-253
-374
-65
-156
-253
-487
-242
-292
-250
-53
-173
-365
-372
-150
-345
-408
-297
-457
-290
-158
-166
-339
-393
-433
-310
-108
-366
-364
-117
-92
-319
-141
-416
-185
-361
-385
-455
-354
-319
-447
-66
-262
-329
-332
-422
-40
1
-418
-478
-175
-142
-436
-315
-44
-312
-450
-449
-102
-398
-292
-112
-175
-243
-265
-139
-82
-422
-444
-6
-72
-274
-99
-294
-433
-289
-386
-176
-11
-282
-432
-277
-188
-197
-188
-115
-380
-375
-99
-457
-416
-471
-430
-347
-362
-354
-431
-267
-300
-419
-36
-76
-149
-389
-85
2
-142
-325
-450
-206
-18
-77
5
-85
-112
-458
-197
-209
-99
-232
-99
-254
-143
-349
-116
-383
-213
-75
-62
-118
-66
-391
-372
-269
-19
-337
-63
-267
-273
-8
-199
-68
-75
-462
-458
-82
-334
-309
-335
-156
-495
-202
-156
-197
-125
-332
-254
-151
-283
-220
-333
-174
-139
-105
-193
-107
-400
-170
-354
-161
-297
-7
-295
-56
-376
-83
-487
-397
-345
-475
-409
-275
-119
-128
-70
-148
-209
-366
-95
-442
-467
-267
-36
-159
-237
-446
-244
-167
-221
-474
-99
-394
-148
-100
-90
-351
-160
-111
-117
-462
-2
-120
-162
-313
-490
-361
-189
-229
-263
-474
-195
-366
-255
-99
-134
-472
-379
-492
-309
-426
-198
-5
-219
-415
-414
-113
-356
-85
-491
-342
-498
-465
-11
-393
-161
-196
-259
-473
-374
-422
-320
-319
-499
-450
-398
-306
-216
-148
-249
-343
-377
-352
-387
-127
-101
-219
-212
-146
-416
-31
-224
-414
-40
-203
-492
-195
-19
-378
-395
-18
-294
-34
-249
-269
-376
-5
-95
-203
-486
-268
-265
-126
-296
-259
-441
-424
-230
-164
-102
-363
-19
-403
-209
-406
-51
-200
-9
-436
-291
-409
-150
-108
-466
-209
-116
-156
-227
-222
-392
-163
-168
-181
-430
-147
-237
-493
-169
-76
-40
-164
-389
-104
-259
-389
-58
-194
-200
-59
-189
-232
-179
-92
-300
-235
-111
-375
-6
-348
-323
-478
-362
-340
-488
-332
-109
-72
-367
-61
-232
-219
-391
-92
-391
-128
-84
-494
-357
-328
-303
-279
-115
-256
-452
-338
-342
-169
-105
-218
-148
-252
-9
-390
-244
-30
-418
-278
-215
-306
-204
-323
-14
-298
-354
-294
-482
-458
-273
-337
-111
-311
-81
-279
-11
-40
-284
-135
-465
-257
-31
-383
-241
-195
-123
-500
-357
-332
-484
-53
-478
-234
-454
-3
-45
-155
-400
-334
-56
-252
-77
-445
-422
-202
-154
-14
-114
-69
-253
-451
-347
-43
-378
-162
-271
-368
-4
-432
-190
-445
-275
-237
-300
-335
-230
-409
-469
-493
-144
-216
-109
-378
-193
-472
-362
-189
-13
-262
-40
-271
-260
0
-89
-314
-488
-447
-188
-389
-485
-400
-450
-376
-351
-225
-316
-297
-495
-436
-335
-481
-146
-420
-310
-151
8
8
-380
-415
-61
-484
-205
-219
-368
-169
-86
7
-68
-467
-156
2
-72
-45
-209
-382
-77
-187
-176
-152
-280
-171
-183
-474
-168
-51
-206
-231
-61
-489
-455
-280
-198
-223
-48
-458
-14
-330
-41
-264
-75
6
-379
-270
-93
-313
-187
-295
-488
-150
-29
-112
-400
-87
-175
-150
-429
-200
-29
-468
-6
-175
-466
-129
-247
-306
-232
-283
-459
-470
-142
-339
-369
-49
-352
-475
-206
-369
-125
-146
-221
-18
-226
-79
-21
-150
-82
-500
-327
-226
-63
-145
-340
-486
-218
-94
-157
-364
-498
-91
-111
-58
-140
-305
-363
-167
-77
-327
-91
-232
-417
-294
-176
-339
-91
-227
-91
-215
-88
-118
-280
-2
-243
-187
-289
-356
-358
-225
-200
-343
-446
-268
-375
-268
-158
-452
-465
-371
-185
-53
-187
-319
-335
-137
-301
-351
-346
-42
-80
-412
-255
-336
-289
-293
-73
-187
-70
-167
-401
-399
-220
-422
-491
-197
-29
-230
-72
-385
-422
-130
-35
-130
-52
-215
-62
-276
-406
-317
-367
-421
-298
-460
-252
-438
-61
-281
9
-146
-5
-385
-251
-234
-166
-273
-396
-299
-465
-168
-387
-148
-398
-328
-363
-383
-216
-414
-294
-236
-376
-96
-342
-234
-351
-490
-422
-427
-126
-464
-426
-210
-66
-46
-277
-32
-257
3
-265
-240
-439
-17
-455
-205
-317
-473
-443
-411
5
-57
-319
-235
-417
-19
-60
-418
7
-428
-5
-334
-124
-245
-275
-497
-393
-154
-478
-435
-27
6
-78
-283
-215
-131
-140
-137
-194
-114
-91
-4
-307
-373
-328
-480
-44
-229
-383
-371
-201
-192
-22
-269
-262
-479
-77
-284
0
-71
-36
-359
-10
-170
-225
4
-391
-193
-489
-312
-178
-303
-494
-143
-416
-62
-86
-294
-432
-143
-462
-22
-51
-433
-438
-195
-497
-6
-155
-474
-384
-444
-291
-288
-83
-9
-404
-49
2
-303
-264
-374
-494
-13
-290
-220
-259
-140
-286
-218
-274
-365
-92
-160
0
-455
-237
-356
-351
3
-478
-375
-47
-267
-298
-487
-6
-437
-92
-449
-47
-28
-290
-151
-167
-157
-315
-480
-153
-192
1
-377
-303
-343
-229
-284
-416
-256
-275
-123
-272
-78
-15
-347
-75
-130
-211
-149
-335
-361
-426
-103
3
-371
-472
-99
-126
-482
-392
-452
-101
-104
-11
-43
-410
-379
-121
-458
-163
-126
-140
-464
-159
-352
-126
-320
-14
-168
-193
-189
-397
-376
-306
-483
-250
-78
-323
-454
-137
-113
-498
-235
-408
-100
-112
-251
5
-277
-455
-260
-458
-226
-167
-61
-394
-244
-40
-344
-310
-360
-108
-70
-19
-394
-374
-160
-440
-56
-77
-465
-78
9
-397
-214
-258
-295
-34
-422
-162
-351
-216
-441
-166
-465
-199
-152
-210
-321
-482
-213
-297
-104
-406
-393
-131
-257
-203
-161
-53
-20
-371
-452
-362
-161
-407
-147
-211
-234
-43
-215
4
-362
-357
-309
5
-152
-338
-11
-79
-317
-58
-495
-134
-145
-12
-286
-320
-20
-120
-440
-189
-406
-394
-301
-98
-485
-133
-473
-378
-407
-400
-67
-9
-92
-498
-440
-343
-109
-100
-133
-2
-245
-11
-75
-120
-165
-91
-156
9
-24
-118
-421
-353
-340
-267
-245
-489
-214
-247
-18
-49
-429
-304
-429
-423
-4
-344
-49
-278
-414
-110
-197
-371
-317
-150
-486
-175
-367
-225
-22
-149
-214
-408
-305
-270
-182
-233
-361
-55
-351
-411
-126
-7
-119
-89
-13
-45
-121
-12
-458
-483
-400
-4
-199
-185
-82
-316
-346
-482
-69
-148
-38
-226
-243
-467
-327
-352
-246
-75
-257
-97
-82
-345
-66
-41
-214
-140
-378
-329
-182
-394
-414
-442
-383
-350
-114
-29
-251
-101
-195
-476
-39
-177
-219
-67
-238
-367
-444
-33
-87
-97
-461
-84
-78
-177
-263
-208
-490
-280
-57
-468
-333
-72
-158
-409
-38
-351
-204
-37
-483
-184
-140
-97
-252
-342
-142
-203
-201
-476
-374
-270
-292
-187
-159
-303
-424
-100
-72
-289
-66
-251
-93
-374
-116
-287
-224
-77
-9
-92
-480
-240
-208
-305
-309
-440
-412
-430
-315
-403
-281
-174
-334
-114
-182
-159
-3
-397
-102
-212
-384
-406
-204
-87
-110
-381
-474
-367
-330
-57
-142
-192
-362
-77
-426
-436
-339
-382
-284
-495
-74
-395
-494
-29
-91
-14
-303
-347
-157
-35
-285
-163
-164
-256
-360
-40
-270
-411
-254
-414
-56
-192
-447
-23
-289
-471
-246
-415
-306
-267
-260
-188
-458
-401
-10
-262
-45
-337
-133
-241
-384
-391
6
-107
-444
-359
-279
-472
-144
-290
-70
-430
-221
-359
-163
-444
-50
-233
-470
-435
-61
-292
-142
-252
-304
-15
-212
-405
-39
-6
-244
-40
-121
-351
-157
-237
-225
-58
-19
-314
-154
-144
-495
-277
-127
-170
-50
-201
-72
-309
-7
-430
-490
-272
-242
-68
-76
-181
-492
-279
-178
-223
-301
-121
-466
-416
-21
-459
-67
-306
-133
-403
-44
-394
-362
-115
-135
-490
-154
-102
-30
-469
-214
-394
-445
-22
-294
-409
-357
-79
-66
-458
-500
-69
-336
-226
-307
-388
-234
-370
-87
-154
-268
-344
-198
-218
-105
-359
-39
-440
-262
-326
-324
3
-480
-479
-120
-416
-320
-364
-275
-201
-22
-22
-79
-362
-1
-214
-361
-172
-413
-18
-411
-159
-274
-248
-8
-174
-35
-301
-352
-245
-111
-380
-333
-266
-68
-344
-180
-59
-444
-468
-27
-147
-235
-25
-353
-469
-250
-384
-90
-370
-254
-272
-282
-19
-146
-370
-131
-410
-388
-163
-265
-164
-84
-96
-334
-148
-192
-401
-137
-298
-147
-416
-16
-40
5
-355
-84
-49
-278
-269
-367
-227
-380
-348
-267
-410
-107
-247
-301
-77
-245
-66
-417
-211
-28
-376
-20
-443
-270
-208
-388
-401
-149
-73
-390
-462
-360
-33
-454
-475
-178
-159
-454
-471
-23
4
-71
-164
-191
-479
-302
-174
-265
-217
-245
-107
-171
-42
-119
-189
-237
-262
-364
-142
-490
-260
-38
-281
-301
-221
7
-271
-160
-258
-286
-253
-56
-5
-276
-152
-350
-168
-242
-321
-483
-391
-47
-84
-118
-484
-210
-207
-77
-124
-489
-183
-76
-55
-360
-69
-469
-161
-415
-346
3
-269
-452
-206
-409
-389
-273
-216
-259
-257
-426
-399
-274
-204
-199
-362
-87
-338
-82
-478
-282
-218
-412
-388
-77
-188
-406
-265
-197
-324
-185
-55
-12
-39
-389
-398
-111
-444
-132
-290
-17
-97
-95
-71
-213
-189
-108
-301
-294
-260
-432
-298
-335
-477
-218
-265
-340
-47
-342
-281
-118
-328
-174
-333
-304
-340
-250
-112
-5
-107
-470
-29
-268
-156
-372
-73
-456
-477
-493
-443
-147
-214
-239
7
-413
-424
-483
-185
-386
-353
-349
-414
-401
-459
-441
-93
-138
-417
-491
-27
-403
-85
-85
-475
-322
-132
-369
-40
-401
-200
-152
-14
-186
-94
-70
-387
-298
-89
-370
-83
-374
-427
-25
-366
-387
-265
-381
-205
-319
-112
-231
-377
-163
-150
-208
-113
-332
-258
-248
-186
-312
-461
-198
-101
-279
-86
-414
-332
-444
-491
-470
-441
-34
-411
-329
-358
-448
-32
-367
-228
-248
-239
-80
-186
-317
-394
-452
-493
-398
-269
-439
-494
-392
-122
-496
-203
-182
5
-341
-173
-78
-36
-37
-41
-6
-360
-494
-42
-306
-279
-72
-200
-151
-227
-496
-245
-74
-42
-198
-389
-140
-430
-353
-500
-467
8
-154
-465
-153
-186
-348
-350
-392
-59
-315
-355
-4
-135
-71
-459
-278
-491
-433
-455
-90
-294
-246
-299
-225
-305
-89
-106
-437
-286
-175
-240
-8
-416
-286
-338
-160
-269
-100
-4
-83
-485
-208
-190
-413
-334
-418
-491
-83
-210
-467
-107
-398
-257
-269
-232
-130
6
-267
-340
-221
-285
-56
-279
-178
-383
-26
-209
-279
-151
-323
7
-258
-343
-500
-233
-421
-224
-298
-467
-132
-481
-433
-458
-65
-30
-272
1
-244
-191
-195
-86
-412
-276
-412
-150
-256
-50
-137
-324
-171
-381
-491
-446
-417
-367
-240
-344
-36
-255
-396
-380
-235
-427
-442
-439
-115
-99
-82
-273
-386
-71
-319
-470
-445
-396
-461
-497
-205
-453
-239
-184
-210
-312
-302
-246
-120
-255
-217
-419
-485
-296
-25
-210
-162
-389
-314
-52
-230
-480
-251
-16
-326
-75
-242
-413
-270
-264
-356
-305
-355
-433
-292
-319
-47
-238
-160
-438
-59
-56
-472
-419
-346
-2
-305
-22
-389
-21
-271
-323
-399
-483
-404
-304
-402
-396
-499
-475
-381
-110
-482
-431
-500
-121
-199
-174
-288
-344
-3
-317
-70
-289
-241
-86
-473
-14
3
-460
-127
-481
-488
-90
-486
-416
-30
-68
-410
-470
-455
-358
-466
-297
-201
-32
-465
-255
-169
-495
-23
-289
-412
-217
-15
-459
-233
-367
-165
-170
-221
-276
-105
-357
-462
-371
-208
-198
-227
-162
-450
-411
-449
-45
-369
-280
-164
-177
-193
-60
-261
-112
-242
-420
-175
-472
8
-63
-170
-368
-9
-455
-27
-62
-205
-371
-152
-142
-3
-36
-77
-245
-416
-483
-205
-287
-103
-236
-273
-197
-44
-488
-410
-359
-472
-75
-469
-279
-446
-356
-13
-500
-283
-8
-68
-381
-85
-179
-59
-411
-432
-375
-71
-153
-356
-417
-477
-187
-34
-270
-345
-296
-53
-435
-281
-106
-4
-86
-172
-247
-149
-192
-154
-347
-357
-286
-77
-193
-29
-334
-136
-313
-250
-81
-45
-279
-496
-282
-216
-427
-146
-140
-313
-488
-213
-108
7
-425
-496
-59
6
-444
-101
-390
-212
-253
-401
-342
-111
-433
-393
-483
-143
-41
-98
-151
-266
4
-39
-419
-350
-132
-409
-111
-11
-322
-362
-409
-47
-272
-34
9
-209
-213
-205
-207
-120
-48
-277
-23
-190
-234
-208
-23
-87
-92
-23
-194
-111
-400
-85
-194
-76
-93
-313
-51
-82
-248
-444
-353
-364
-82
-431
-3
-2
-108
-423
-71
-242
-57
-401
-380
-465
-367
-131
-495
-315
-312
-142
-298
-432
-185
-184
-232
-88
-34
-441
-304
-69
-255
-179
-68
-483
-401
-481
-182
-349
-155
-364
-30
-26
6
-9
-484
-302
-55
-236
-99
-112
-226
-49
-19
-197
-58
-424
-127
-391
-275
-113
-30
-494
-480
-395
-449
-244
-262
-134
-117
-456
-411
-360
-327
-202
-363
-304
-421
-67
-337
-292
-37
-441
-219
-289
-379
-286
-27
-270
-230
-351
-310
-450
-209
-339
-240
-150
-177
-134
-164
-206
-219
-491
-93
-436
-165
-200
-450
-439
-90
-483
-280
-203
-237
-418
-11
-304
-302
-79
-117
-347
-114
-466
-301
-479
-326
-7
-415
-252
-91
-64
-99
-424
-162
-496
-457
-258
-208
-212
-194
-141
-382
-409
-54
-257
-100
-234
-144
-300
-6
-104
-212
-378
-238
-71
-491
-218
-52
-409
-452
-336
-28
-497
-261
-433
-55
-453
-389
-205
-176
-210
-12
-121
-289
-462
-219
-426
-2
-474
-37
-437
-100
-183
-339
-3
-164
-187
-496
-474
-63
-437
-430
-493
-73
-457
-447
-199
-4
-378
-149
-214
-309
-180
-254
-99
-413
-233
-307
-31
-41
-451
-97
-345
-469
-132
-99
-164
-392
-166
-189
-459
-333
-351
-481
-59
-266
-272
-314
-323
-297
-32
-308
-357
-109
-162
-244
-37
-500
-423
-458
-236
-385
-243
-379
-5
-370
-281
-195
-313
-17
-42
-196
-152
-291
-344
-315
-331
-172
-243
-447
-33
-497
-68
-440
-217
-251
-441
-466
-293
-445
-484
-181
-190
-493
-169
-345
-157
-41
-451
-434
-74
-164
-204
-338
-442
-18
-331
-9
-319
-430
-353
-50
-7
-407
-434
-407
-329
-291
4
-480
-242
-458
-204
-70
-325
-30
-376
-447
-358
-31
-298
-17
-166
-401
-129
-463
-255
-383
-403
-94
-9
-173
-381
-216
-220
-233
-80
-413
-343
-103
-238
-488
-481
-108
-179
-480
-87
-445
-490
-461
-93
-482
-397
-15
-240
-411
-150
-440
-318
-483
-8
-439
-294
-195
-248
-202
-479
-469
-324
-137
-278
-488
-214
-460
-261
-12
-432
-497
-187
-493
-50
-349
-290
-46
-484
-71
-179
-261
-368
-346
-47
-423
-255
-282
-449
-140
-66
-205
-239
-136
-296
-374
-475
-393
-113
-288
-380
-279
-384
-299
-15
-388
-277
-403
-168
-190
-11
-452
-65
-30
-120
-236
-16
-98
-428
-190
-316
-135
-174
-284
-31
-376
-396
-273
-407
-395
-97
-482
-418
-100
-285
-265
-81
-484
-66
-29
-80
-469
-123
-54
-434
-13
-193
-445
-207
-39
-25
-281
-273
-33
-118
-355
-342
-290
-491
-189
-208
-258
-12
-469
-9
8
-232
-364
-381
-300
1
-92
-67
-288
-58
-232
-74
-63
-340
-33
-489
-403
-400
-158
-5
-65
-249
-219
-208
-179
-378
-134
-272
-49
-237
-475
-223
-438
-55
-18
-439
-357
-189
-486
-97
-5
-82
-278
-232
-278
-220
-41
-24
-182
-148
-448
-452
-310
-87
-205
-30
-411
-187
-22
-231
-201
-332
-108
-426
-163
-354
-414
-353
-173
-348
-74
-447
-421
-205
-89
9
-134
-8
-199
-492
-106
-60
-114
-93
-184
-417
-96
-215
-402
-130
-250
6
5
-316
-297
-57
-272
-378
-284
-63
-316
-38
-475
-1
-147
-59
-347
-284
-323
-293
-420
-354
-473
-359
-35
-227
-330
-200
-212
-302
-243
-216
-380
-321
-201
-121
-297
-17
-42
-306
-36
-88
-267
-194
-15
-474
-358
-402
-409
-100
-476
-493
-353
-474
-445
-74
-339
-2
-157
-210
-252
-97
1
-96
-77
-99
-170
-152
-264
-378
-323
-315
-363
-53
-118
-330
-369
-134
-60
-201
-241
-105
-464
-112
-432
-306
-284
-291
-86
-410
-247
-137
-282
-134
-196
-459
-439
-237
-422
-301
-428
-156
-12
-326
-440
-348
-351
-54
-403
-262
-137
-302
-213
-401
-424
-125
-6
-427
-16
-263
-175
-148
-339
-46
-14
6
-171
-1
-369
-383
-179
-94
-28
-331
0
-232
-66
-410
-424
-346
-350
-80
-42
-376
-457
-99
-254
-227
-275
-207
-361
-54
-262
-500
-371
-80
-90
-174
-159
-139
-441
-194
-491
5
-443
-264
-464
-386
-257
-186
-312
-485
-74
-202
-473
-347
-348
-194
-370
-334
-132
-169
-253
-402
1
-418
-273
-70
-105
-323
-418
-49
-475
-80
-162
-315
-464
-135
-265
-433
-352
-396
-87
-398
-32
-312
-171
-412
-51
4
-57
-471
-54
-53
-417
-125
-423
-486
-457
-382
-2
-472
-441
-371
2
-412
-290
-156
-137
-224
-73
-275
-418
-131
-431
-88
-226
-497
-45
-164
-326
-324
-186
-480
-159
-269
-496
-335
-88
-232
-449
-454
-345
-57
-205
-275
-356
-149
-459
-375
-124
-111
-436
-272
-427
-97
-339
-237
-318
-274
-1
-129
-322
-350
-57
-99
7
-91
-182
-212
-479
-44
-37
-483
-346
-401
-153
-247
-403
-197
-169
-160
-387
-270
-296
-253
-41
-395
-274
-423
-278
-277
-445
-65
-5
-203
-458
-21
-205
-118
-240
-24
-176
-173
-62
-472
-411
-97
-279
-86
-353
-398
-340
-454
-388
-360
-94
-167
-68
-211
-498
-117
-305
-357
-290
-105
-137
-454
-203
-166
-237
-379
-109
-116
-76
-50
-161
-15
-6
-487
-306
-5
-351
-466
-458
-127
-289
-331
-321
-16
-406
-160
-293
-4
-203
-215
-184
-417
-353
-362
-420
-167
-61
-196
-486
-303
-194
-155
-309
-445
-294
-415
-142
-268
-128
-374
-380
-223
-266
-260
-362
-221
-55
-296
-36
-60
-280
-57
-100
-291
-39
-250
-299
-456
-48
-99
-396
-23
-428
-199
-209
-287
-485
-464
-298
-262
-474
-446
-43
-78
-222
-467
-291
-266
-265
-166
-394
-260
7
-21
-358
-217
-95
-99
-58
-227
-392
-162
-52
-312
-248
-240
-248
-224
-206
-20
-396
-225
-85
-360
-385
-100
-366
-326
-54
-163
-95
-236
-446
-201
-120
-465
8
-449
-37
-426
-465
-135
-6
-275
-418
-224
-120
-6
-3
-63
-203
-475
-12
-37
-50
-421
-82
-8
-363
-83
-230
-253
-452
-477
-454
-248
-435
-70
-388
-49
-151
-55
-356
-298
-181
-495
-193
-447
-382
-285
-438
-259
-297
-75
-141
-99
-321
-103
-434
-186
-255
-38
-362
-223
-229
-237
5
-330
-169
-120
-140
-222
-22
-280
-390
-438
0
-61
-94
-230
-145
-362
-216
-421
-332
-94
-134
-2
-77
-4
-233
-344
-57
-98
-50
-467
-444
-157
-201
-67
-190
-17
-454
-296
-221
-478
-49
-118
-119
-313
-417
-199
-395
-64
-306
-498
-472
-255
-487
-287
-303
-171
-176
-206
-396
-482
-495
-353
5
-287
-223
-253
6
-222
-436
-246
-95
-168
-61
-201
-256
-401
-227
-307
-13
-41
-425
-90
-395
-372
-251
-254
-45
-307
-498
-99
-217
-407
-471
-224
-78
-42
-116
-183
-224
-401
-491
-130
-57
-236
-204
-391
-166
-457
-139
-167
-366
-143
-263
-321
-465
-25
-46
-156
-132
-254
-56
-9
-131
-4
-104
-430
-266
-227
-141
-496
-277
-417
-291
-314
-128
-170
-84
-437
-474
-295
-185
-117
-366
-192
-498
-396
-282
-71
-238
-252
-303
-227
-92
-52
-208
-205
-250
-357
-257
-323
-456
-309
-15
-287
-167
-500
-152
-28
-429
-425
-264
-364
-150
-415
-274
-486
-392
-359
-212
-308
-422
-229
-387
-381
-360
-299
-74
-485
-477
-101
-285
-224
-393
-250
-123
-88
-8
-160
-260
-354
-430
-325
-141
-119
-72
-364
-366
-451
-271
-490
-425
-392
-288
-134
-70
-123
-297
-159
-19
-449
-207
-451
4
6
-349
-154
-112
-328
-182
-191
-450
-7
-210
-27
-73
-234
-183
-223
-14
-465
-129
-182
-162
-259
-384
-192
-171
-118
-185
-149
-442
-316
-413
-72
-72
-86
-385
-421
-18
-18
-231
-195
-432
-229
-359
-35
-447
-424
-336
-70
-18
-113
-473
-383
-336
-325
-263
-152
-324
-289
-168
-76
-47
-160
-260
-94
-375
-433
-423
-86
-40
9
-474
-145
-141
-191
-430
-326
-72
-63
-70
-471
-181
-3
-52
-117
-379
-321
-243
-175
-58
-351
-307
-203
-401
-166
-207
-104
-403
-480
-458
-138
-218
-433
-188
-54
-249
-218
-364
-13
-321
-340
-77
-281
-171
-332
-130
-78
-324
-463
-298
-225
-335
-140
-322
-82
-353
-183
-481
-275
-364
-46
-309
-162
-94
-500
-459
-193
-177
-376
-54
-425
-275
-266
-271
-199
-38
-138
-385
-118
-94
-151
-50
-480
-326
-390
-130
-302
-458
-383
-381
-79
-489
-63
-330
-44
-242
-334
-132
-370
-127
-429
-280
-484
-316
-38
-173
-127
-239
-366
3
-492
4
-492
-249
-112
-435
-441
-10
-274
-40
-466
-387
-419
-239
-212
-143
-169
-169
-368
-121
-70
-334
-382
-111
-192
-460
4
-79
-144
-369
-84
-89
-275
-181
-301
-111
-363
-185
-27
-246
-468
-114
-56
-174
-428
-168
-179
-285
-178
-377
-127
-465
0
-6
-276
-108
-123
-453
-113
-53
-364
-19
-193
-168
-432
-388
-482
-488
-386
-49
-149
-447
-419
-30
-111
-248
-340
-91
-95
-12
-458
-140
-97
-91
-129
-345
-131
-98
-349
-198
-193
-164
-96
-335
-31
-386
-20
-321
-120
-13
-269
-300
-394
-150
-304
-368
-369
-255
-351
-265
-93
-494
-173
-184
-446
-421
-148
-404
-390
-387
-111
-374
-340
-465
-222
-111
-419
-129
-175
-46
-21
-75
-179
-69
-337
-61
-206
-408
-53
-491
-180
-182
-385
-496
-453
-120
-28
-36
-276
-470
-439
-326
-10
-81
-83
-414
-63
-190
-482
-50
4
-143
-176
-498
-346
-304
-81
-129
-212
-204
1
-162
-359
-305
-240
-163
-32
-290
-309
-24
-5
-161
-314
-408
-339
-190
-477
-331
-42
-165
-299
-191
-468
-97
-17
-265
-357
-68
-493
-211
-277
-301
-475
-374
-417
-342
-384
-238
-270
-377
-72
-15
-429
-251
-42
-114
-171
-285
-339
-407
-188
-131
-489
-96
-187
3
-174
-40
-403
-27
-68
-95
-124
-489
-115
-436
-304
-463
-496
-102
-367
-137
-134
-5
-20
-318
-43
4
-465
-195
-448
-377
-437
-421
-268
-11
-47
-3
-481
-427
-499
-87
-318
-342
-357
-466
-487
-196
-60
-13
-125
-20
-196
9
-22
-50
-2
-380
-223
-94
-108
-363
-280
-452
-262
-245
-436
-455
-249
-148
-428
-385
-439
-97
-131
-106
-431
-388
-107
-111
-334
-393
-85
-65
-69
-500
-463
-219
-361
-167
-387
-403
-161
-63
-139
-181
-73
-71
-210
-280
-185
-471
-391
-398
-270
-362
-145
-493
-244
-399
-117
-183
-427
-445
-213
-212
-400
-110
-70
-323
-425
-160
-48
-199
-486
-337
-230
-422
-486
-69
-364
-401
-367
-279
-365
-257
-60
5
-116
-301
-127
-277
-11
-20
0
-279
-242
-24
-116
8
-379
-352
-151
-104
-4
-232
-200
-84
-408
-205
-459
-35
-88
6
-447
-288
-379
-192
-200
-41
-330
-240
-487
-462
-437
-8
-324
-161
-249
-359
-486
-277
-288
-498
-155
-388
-418
-464
-118
-279
-319
-370
-273
-154
-399
-354
-490
7
-451
-133
-493
-260
-43
-199
-197
-147
-106
-58
-147
-388
-430
-354
-105
-229
-212
-147
-456
-451
-118
-426
-138
-76
-80
-435
-37
-406
-484
-181
-227
-227
-301
-346
-102
-361
-163
-226
-86
-6
-91
-53
-397
-16
-81
-102
-410
-465
-100
-243
-205
-218
-291
-393
-360
-496
-193
-103
-223
-149
-281
-43
-17
-292
-216
-69
-90
-192
-444
-413
-251
-410
-245
-381
-389
-96
-12
-38
-284
3
-475
-247
-232
-201
-305
-27
-492
-240
-78
-78
-72
-396
-72
-21
-386
-347
-173
-201
-43
-24
-85
-237
-230
-273
-47
-288
-188
-281
-174
-427
-458
-183
-147
-30
-114
-87
-156
-420
-304
-232
-291
-176
-179
-453
-489
-338
-245
-426
-53
-271
-64
-173
-101
-461
-333
-64
-380
-123
-199
-444
-290
-368
-199
-258
-260
-146
-270
-76
-23
-408
-332
-384
-451
1
-40
-45
-148
-432
-469
-398
-289
-83
-362
-439
-257
-250
-284
-140
-392
-296
-118
-461
9
-458
-360
-31
-367
-355
-60
-15
-216
-285
-411
-51
-384
-362
-46
-317
-397
-286
-166
-74
-334
-424
-403
-202
-259
-400
-315
-279
-44
-332
-460
-480
-75
-320
-443
-207
-38
-409
-116
-308
-286
-443
-309
-150
-408
-19
-53
-422
-229
-394
-385
-301
-393
-335
-447
-212
-348
-313
-44
-241
-202
-136
-420
-480
-422
-400
-243
-117
-418
-20
-185
-32
-425
-195
-30
-354
-203
-428
-365
-359
-436
-322
-196
-450
-421
-96
-218
-416
-482
-71
-101
-68
-158
-157
-56
-40
-143
-410
-399
-67
-405
-27
-29
-176
-58
-274
-138
-64
-499
-227
-257
-307
-338
-476
-143
-438
-484
-13
-25
-434
-86
-433
-136
4
-184
-124
-224
-230
-135
-490
-188
-377
-4
-438
-19
-88
-115
-213
-390
-449
-463
-361
-318
-8
-56
-481
-365
-151
-82
-23
-15
-81
-67
-100
-391
-461
-33
-352
-75
-324
-328
-416
-315
-375
-389
-142
-130
-366
-400
8
-32
-201
-262
-66
-6
-476
-473
-143
0
-70
-24
-488
-224
-193
-33
-472
-267
-414
-197
-302
-186
-437
-148
-2
-436
-298
-294
-431
-71
-489
-253
-248
-198
-82
-37
-352
-143
-172
-254
-289
-445
-466
-109
-492
-25
-426
-476
-149
-282
5
-170
-35
-51
-193
-448
-17
-203
-299
-263
-68
-470
-111
-432
-492
-393
-269
-500
-391
-321
-167
-90
-37
-185
-88
-42
-431
-202
-174
-301
-395
-100
-54
-216
-400
-391
-217
-59
-266
-440
-474
-243
-413
-335
-48
-219
-497
-389
-221
-177
-382
-333
-427
-264
-291
-30
-187
-331
9
-211
-201
-471
-400
-432
-49
-486
-336
-209
-134
-66
-430
-403
-403
-101
-397
-386
-341
-61
-81
-40
7
-163
-435
-285
-264
-376
-346
-487
-203
-419
-92
-61
-407
-69
-105
-24
-371
4
-58
-350
-395
-321
-224
-356
-126
-252
-409
-321
-62
-402
-199
-497
-252
-305
-164
-4
-25
-96
-489
-488
-262
-288
-481
-254
-417
-386
-252
-494
-216
-443
-262
-493
-421
-68
-7
-122
-30
-389
-474
-425
-119
-311
-87
-371
-211
-315
-387
-193
-301
-72
-278
-326
-139
-71
-215
-76
-189
-411
-147
1
-292
-479
-425
-137
-389
-264
-491
-52
-406
-330
-471
-225
-280
-9
-147
-180
-387
-294
-482
-97
-365
-341
-52
-62
-128
-232
-108
-300
-92
-498
-344
-290
-63
-234
-55
-99
-48
-341
-448
-84
-288
-42
-93
-253
-403
-499
-324
-277
-256
-61
-343
-126
-460
-318
-347
-33
-421
-215
-494
-79
-316
-380
-407
-9
-315
-86
-287
-327
-160
-300
-133
-485
-462
-128
-484
1
-23
-476
-267
-270
-141
-29
-33
-132
-93
-147
-324
5
-221
-290
-345
-451
-49
-303
-492
-18
-54
-394
-275
-28
-217
-142
-146
-398
-82
-310
-171
-355
-403
-390
-332
-494
-273
-19
-151
-269
-415
-122
-135
-104
-465
-70
-259
-75
-325
-171
-40
-18
-116
-275
-135
-108
-43
-299
-417
-450
-312
-87
-418
-237
-204
-328
-49
-201
-165
-19
-291
-14
-292
-295
-367
-340
-142
-97
-393
-259
-104
-313
-48
-56
-452
-460
-409
-372
-99
-435
-94
5
-41
-282
-378
-325
-69
-213
-251
-11
-405
-269
-428
-34
-141
-152
-216
5
-78
-122
-292
-277
-22
-223
-176
-431
-481
-225
-166
-70
-370
-126
-2
-282
-191
-178
-4
-99
-337
-113
-186
-330
-325
-384
-88
-306
-86
-117
-301
-118
-136
-368
-229
-481
-46
-68
-230
-62
-410
-206
-208
-291
-121
-322
-472
-474
-91
5
-356
-213
-250
-305
-460
-248
-186
0
-355
-122
-21
-440
-111
-148
-58
-380
-293
-280
-303
-83
-243
-347
-80
-23
-370
-153
-121
-9
-218
-8
-347
-267
-443
-343
-446
-200
-258
-110
-10
-37
-148
-457
-132
-268
-270
-241
-73
-372
-135
-165
-228
-294
-401
-121
-213
-380
-228
-315
-406
-411
-438
-252
-28
-147
-110
-448
-451
-349
-134
-304
-39
-122
-92
-354
-366
-427
-352
-158
-363
-422
-338
-131
-233
-428
-345
-74
-137
-19
-13
-114
-473
-242
-313
-15
-441
-487
-388
-73
-64
-276
-491
-259
-9
-341
-476
-3
-163
-77
-413
-314
-236
-73
-94
-451
-53
-492
-280
-466
-234
-2
-470
-229
-25
-129
-372
-234
-228
-445
-368
-187
-132
-401
-463
-203
-201
-365
-92
-324
-380
-340
-196
-373
-176
-176
-341
-102
-494
-342
-233
-224
-66
-187
-208
-418
-131
-23
-486
-39
-268
-375
-475
-52
-68
-335
-436
-183
-391
-476
-66
-188
-469
-95
-256
-404
-430
-209
9
-158
-142
-424
-142
-216
-45
-82
-290
-53
-190
-293
-318
-44
-354
-422
-104
-399
-27
-219
-128
-34
-94
-191
-205
-210
-494
-412
-289
-14
-32
-207
-412
-302
-81
-40
-271
-29
-345
-161
-376
-208
-62
-449
-427
-276
-271
-93
-346
-7
-395
-126
-227
-487
-148
-36
-483
-282
-105
-428
-333
-262
-417
-148
-180
-36
-253
-294
-346
-239
-337
-291
-343
-64
-423
-285
-142
-210
-440
-379
-424
-280
-96
-355
-451
-333
-76
-47
-350
-449
-454
-42
-158
-315
-87
-407
-387
-278
-423
-229
0
-479
-193
-139
-481
-3
-489
-135
-334
-102
-212
-344
-211
-399
-355
-492
-258
-448
-355
-440
-31
-442
-468
-245
-105
-42
-176
-375
-159
-357
-200
-76
-211
-164
-410
-127
-185
-451
-155
-177
-202
-297
-25
-185
-266
-182
-253
-247
-317
-26
-186
-88
-143
-334
-431
-416
-285
-148
-63
-9
-317
-368
-291
-24
-317
-1
-48
-349
-352
-57
-333
7
-292
-408
-183
-74
-154
-417
-99
-324
-104
-183
-252
-445
-432
-232
-358
7
-76
-373
-19
-275
-346
-454
-184
-290
-495
-29
-180
-230
-365
-433
-470
-197
-8
-47
-450
-288
-198
-218
-55
-269
-187
-124
-422
-252
-338
-428
-288
-331
-492
-255
-155
-7
-23
-209
-79
6
-384
-60
-444
-176
-423
-291
-162
-197
-331
-413
-138
-127
-305
-83
-487
-311
-252
-78
-341
-383
-123
-48
-415
-161
-356
-345
-5
-17
-178
-105
-482
-51
-101
-456
-316
-126
-325
-198
-439
-200
-240
-442
-21
-368
-31
-394
-262
-218
-168
-431
-43
-346
-101
-35
-223
-471
-193
-416
-127
-61
-396
-170
-213
-185
-275
-435
-47
-129
-466
-486
-75
-326
-163
-186
-377
-26
-263
-269
-332
-368
-168
-240
-391
-39
-188
-116
-95
-476
-457
-469
-281
-321
-214
-71
-74
-244
-288
-291
-303
-329
-127
-339
-109
-425
-258
-85
-201
-477
-89
-90
-81
-221
-157
-360
7
-140
-399
-332
-449
-113
-237
-160
-293
-215
-396
-272
-286
-13
-490
-399
-416
-62
-124
-95
-363
-377
-292
-53
-222
-243
-428
-166
-308
-196
-168
-377
-329
-328
-146
-237
-416
-65
-465
-120
-499
-435
-355
-183
-275
-394
-313
-308
-457
-354
-193
-201
-95
-435
-114
-189
-250
-31
-256
-116
-65
-406
-375
-149
-464
-80
-41
-226
-209
-374
-209
-456
-34
-64
-467
-100
-223
-121
-419
-239
-355
-484
-296
-37
-132
-253
-103
-365
-308
-469
3
-474
-357
-26
-421
-433
-426
-276
-338
-422
-322
-396
6
-303
-83
-178
-192
-476
-214
-210
-73
-173
-138
-171
-50
-144
-4
-261
-266
-37
-198
-189
-490
-208
-256
-225
-277
-180
-391
-16
-77
-200
-144
-235
-390
-297
-76
-351
-336
-255
-207
-185
-142
2
-133
-308
-424
-271
-125
-329
-114
-86
-328
-193
-281
-22
-438
-425
-475
-223
-305
-280
-73
-118
-132
-287
-190
-331
-266
-72
-418
-38
-327
-494
-322
-314
-255
-418
-419
-268
-115
-375
-195
-286
-419
-68
-26
-57
-171
-358
-165
-307
-265
-95
-114
-25
-219
-154
-117
-213
4
-201
-408
-18
-73
8
-465
-139
-210
-170
-155
-255
-43
-400
-8
-36
-361
-412
-99
-58
-31
-269
-423
-498
-232
-185
-451
-455
9
-313
-252
-363
-353
-420
-182
-311
-488
-298
-468
-345
-421
-295
-472
-342
-483
-159
-477
-196
-483
-225
-151
-160
-432
-419
-271
-329
-91
-386
-47
-144
-11
-340
-376
-466
-15
-304
-138
-355
-352
-92
-158
-126
-367
-89
-157
-185
-183
-463
-311
-284
-374
-73
-4
-182
-1
-496
-463
-197
-173
-87
-136
-220
-290
-421
-271
-249
-419
-415
-454
-71
-47
-375
-447
5
-171
-194
-64
-493
-185
-370
-493
-328
-251
-94
-460
-493
-369
-299
-119
-65
-180
-414
-181
-461
-122
-204
-305
-429
-365
-62
-33
-236
-368
-446
-23
-262
-27
-87
-180
-201
-485
-405
-277
-130
-28
-379
-119
-10
-310
-268
-79
-283
-363
-153
-235
-381
-381
-122
-144
-266
-342
-438
-487
-26
-124
-478
-439
-417
-380
-299
-325
-377
-281
-33
-304
-29
-97
-109
-133
-414
-436
-435
-376
-3
-317
-63
-38
-353
-230
-180
-107
-209
-257
-359
-131
-337
-416
-210
-27
-48
-365
-93
-224
8
-459
-368
-220
-266
-54
-399
-99
-38
-304
-80
-99
-439
1
-169
-402
-314
-37
-135
-443
0
-437
-426
-297
-258
-450
-375
-171
-326
-253
-194
-433
-451
-458
-453
-450
-5
-143
-358
-11
-222
-211
-408
-78
-302
-335
-47
-114
-245
-398
-137
-17
-41
-405
-238
-389
-360
-225
-64
-404
-61
-71
-485
-140
-496
-143
-416
-239
-254
-391
-417
-471
-338
-107
-25
-193
-287
-197
-108
-373
-442
-497
-258
-484
-357
-380
-107
-342
3
-419
-32
-415
-445
-272
-108
-251
-131
-457
-157
-185
-196
-135
-141
-340
-275
-184
-127
-405
-387
-176
-405
-292
-467
-130
-312
-380
-40
-317
-285
-51
-87
-103
-395
-401
-43
-28
-373
-338
-8
-343
-154
-67
-16
-240
-44
-190
-324
-208
-496
-79
-268
-251
-306
-167
-494
-1
-196
-3
-231
-35
-376
-182
-241
-70
-398
-446
-407
-5
-209
-247
-463
-435
-51
-348
-420
-305
-52
-343
-77
-498
-460
-353
-217
-359
-443
-318
-266
-168
-321
-197
-257
-488
-388
-261
-16
-179
-92
-481
-11
-224
-479
-214
-65
4
-475
-173
-475
-182
-39
-254
-71
-76
-462
-154
-88
-53
-135
-10
-272
-100
-174
-1
-480
-377
-8
-351
-452
-100
-175
-393
-315
-467
-197
-305
-44
-499
-45
-168
-411
-38
-297
-448
-167
-466
-468
-423
-283
-170
-51
-161
-256
-283
-180
-257
-483
-4
-95
-334
-81
-404
-472
-444
-162
-84
-279
-348
-211
-16
1
-389
-329
1
-268
-192
-122
-15
-105
-228
-113
-345
-469
-74
-220
-393
-273
-185
-455
-212
-495
-276
-484
-137
-478
-58
-126
2
-256
-491
-124
-278
-51
-390
-362
-116
-46
-454
-11
-2
-450
-132
-491
-281
-420
-143
-192
-304
-115
-94
-118
-497
-356
-496
-213
-358
-213
-71
-135
-421
-332
-207
-159
-135
-415
-38
-469
-351
-327
-426
-37
-77
-42
-78
-143
-27
-294
-39
-186
-199
-83
-53
-32
-210
-184
-163
-194
-290
-122
-24
-116
-228
-80
-50
-343
-26
-258
-68
-483
-212
-152
-494
-342
-455
-341
-21
-113
-117
-39
-310
-351
-189
-411
-248
-34
-138
-44
-299
-4
-82
-187
-178
-46
-263
-56
-184
-278
-453
-496
-403
-49
-215
-237
-350
-196
-412
-47
-33
-60
-240
-184
-390
-414
-385
-293
-294
-107
-358
-394
-221
-304
-236
-444
-127
-120
-382
-96
-36
-306
-59
-320
-489
-479
-427
-360
-231
-273
-321
-135
-317
-287
-491
-135
-105
3
-413
-90
-370
-219
-50
-270
-110
-263
-201
-403
-358
-205
-286
-67
-182
-378
-64
-256
-282
-344
-256
-68
-173
-123
-141
-441
-310
-309
-9
-288
-61
-91
-281
-210
-491
6
-193
-268
-252
-189
-78
-419
-405
-167
-321
-307
-243
-288
-186
-417
-177
-426
-371
-197
-248
-469
-91
-455
-376
-443
-405
-64
-362
-338
-465
-33
-262
-364
-335
-82
-136
-59
-129
-40
-34
-496
-304
-48
-347
-81
-402
-310
-116
-245
-476
-33
-228
-378
-395
-121
-57
-320
-368
-179
-412
-342
-297
-195
-242
-457
-214
-291
-269
4
-76
-215
-246
-4
-412
-134
-499
-387
-401
-72
-414
-35
-11
-132
-491
-405
-94
-374
-423
-256
-246
-149
-457
-319
-339
-165
-135
-339
6
-462
-44
-441
-4
-165
-320
-374
-329
-13
-216
-327
-10
-198
-173
-263
-143
-370
-58
-136
-364
-279
-48
-472
-77
-384
-155
-280
-450
-301
-41
-88
-292
-130
-457
-352
-335
-447
-224
-463
-11
-412
-309
-165
-482
-339
-292
-146
-78
-158
-96
-461
-452
-17
-59
-445
-159
-119
-195
-93
-156
-88
-404
-279
-170
-263
-390
-390
-163
-60
-258
-255
-79
-77
-25
-9
-70
-106
-205
-366
6
-223
-5
-174
-411
-202
-66
-21
-154
-486
-448
-201
-262
-171
-24
-156
-390
-169
-237
-394
-95
-413
-69
-176
-287
-287
-131
-152
9
-260
-36
-409
-89
7
-467
-119
-20
-90
-173
-142
-117
-128
-377
-408
-423
-170
-7
-376
-396
-251
-440
-123
-157
-232
-412
-337
-316
-113
-393
-194
-35
-47
-310
-239
-265
-21
-372
-460
-412
-306
-47
-363
-323
-332
-294
-180
-188
-126
-403
-239
-319
-7
-312
-375
-449
-222
-30
-414
-407
-268
-96
-78
-163
-295
-105
-493
-51
-362
-350
-50
5
-443
-100
-40
-420
-85
-187
-78
-161
-80
-264
-414
-255
3
-468
-310
-97
-55
-297
-65
-256
6
4
-322
-113
-262
-481
-88
-231
-61
-157
-220
-206
-320
-500
-355
-343
-29
-308
-327
-273
-412
-461
-33
-484
-71
-327
-434
-432
-207
-81
-140
-281
-127
-339
-74
-417
-204
-452
-358
0
-321
-260
-414
-388
-143
-130
-267
-279
-23
-69
-145
-89
-413
5
-94
-492
-438
-125
-401
-179
-343
-443
-256
-373
-130
-356
-91
-443
-255
-464
-163
-406
-37
-175
-193
-479
-78
-156
-100
-484
-219
-459
-115
-244
-16
-421
-55
-214
-206
-225
-282
-5
-69
-79
-18
-209
-328
-168
-226
-67
-310
-41
-4
-43
-40
-473
-261
-413
-454
-259
-357
-57
-57
-7
-136
-196
-54
-216
-303
-330
-158
-438
-219
-346
-103
-419
-329
-79
-360
-435
-246
-413
-276
-343
-348
-139
-86
-64
-4
-84
-422
8
-331
-441
-335
-381
-316
-7
4
-469
-326
-239
-222
-146
-95
-148
-355
-209
-154
-250
-432
-266
-398
-222
-246
-489
-126
-121
-484
-469
-305
9
-238
-135
-16
-467
-440
-314
-68
-247
-385
-77
-267
-20
-317
-376
-151
-400
-266
-113
-217
-272
-439
-298
-426
-418
-46
-341
-59
-138
-484
-148
-217
-42
-162
-475
-243
-26
-391
-165
-362
-65
-216
-491
-210
-7
-14
-285
-354
-173
-94
-265
-2
-108
-426
-27
-342
-267
-276
-215
-389
-337
-283
-330
-117
-448
-460
-467
-170
-310
-293
-34
-146
-27
-336
-274
-354
-138
-462
-34
-346
-34
-460
-495
-75
-498
-147
-258
-147
-175
-291
-45
-101
-313
-490
-59
-43
-234
-471
-410
-177
-158
-247
-442
-435
-185
-163
-408
-336
-488
-147
-94
-125
-108
-242
-152
-363
-13
-221
-391
-242
-70
-228
-213
-22
-392
-12
-114
-194
-432
-248
-145
-85
-167
-428
-479
-28
-338
-200
-364
-308
-361
-268
-352
8
-477
-370
-418
-184
-196
-90
-331
-70
-20
-388
-354
-112
-35
-379
-377
-142
-269
-70
-400
-273
-47
-86
-186
-156
-97
9
-445
-458
-391
-28
-200
-298
-257
-234
-208
-91
-331
-396
-493
-366
-59
-104
-220
-354
-83
-349
-240
-420
-435
8
-461
-390
-201
-352
-252
-405
-438
-346
-145
-119
-384
-143
-460
-171
-332
-393
-330
-18
-447
-6
-371
-432
-275
-136
-386
-313
-462
-66
-444
-166
-323
-38
-32
-168
-480
-113
-287
-71
-9
-22
-60
-41
-219
-93
-494
-235
-18
-189
-214
-151
0
-440
-486
-486
-280
-76
-374
-75
-422
-234
-284
-48
-480
-77
-276
-410
-286
-418
-372
-57
-403
-237
-274
-440
-288
-75
-227
-291
-120
-390
-471
-248
-128
-241
-480
-21
-329
-319
-40
-100
-19
-184
-189
-111
-298
-392
-91
0
-461
-95
-421
-304
-219
-476
-282
-389
-336
-420
-248
-144
-456
-6
-211
-17
-386
-119
-73
-439
-391
-106
-456
-380
-407
-206
-194
-53
-119
-359
-56
-411
-309
-54
-449
-97
-220
-334
-448
-308
-408
-385
-304
-152
-232
-46
-374
4
-410
-364
-399
-26
-484
-445
-294
-306
-83
-173
-499
-113
-222
-365
-436
-253
-135
-317
-15
9
-245
-240
-260
-12
-441
-486
-231
-174
-454
-341
-114
-199
-303
-436
-46
-65
-460
-487
-104
-243
-494
-210
-50
-298
-147
-121
-364
-232
-463
-31
-189
-462
-38
-298
-468
-464
-324
-442
-43
-325
-310
-458
-243
-43
-220
-81
-500
-327
-104
-195
-435
-460
-167
-21
-406
-467
-450
-363
-245
-281
-431
-450
-420
-321
-151
-50
-31
-219
-316
-132
-190
-424
-429
-227
-391
-313
-138
-337
-223
-116
-20
-250
-53
-312
-326
-482
-80
-471
-389
-460
1
-499
-394
-212
-329
-315
-193
-287
-79
-455
-210
-438
-157
-47
-114
-425
-250
-164
-223
-146
-411
-168
-173
-57
-265
-488
-324
-289
-147
-193
-460
-33
-1
-124
-306
-375
-159
-3
-39
-90
-405
-137
-439
-224
-339
-73
-476
-199
-416
-387
5
-290
-6
-389
-365
-409
-361
-481
-132
-196
-149
-347
-387
-471
-79
-465
-35
-142
-440
-363
-492
-309
-25
-426
-145
-60
-493
-439
-482
-239
-158
-410
-182
-336
-442
-358
-77
-173
-328
-329
-338
-214
-39
-333
-321
-40
-63
-208
-21
-491
-424
-341
-150
-428
-478
-266
-481
-491
-92
-107
-324
-372
-169
-412
-444
-154
-279
-262
-253
-422
-389
-449
-380
-61
-222
-263
-161
-54
-122
-58
-179
-172
-232
-425
-481
-314
-98
-423
-296
-96
-264
-456
-422
-51
-325
-58
-65
-145
-430
-235
-314
-158
-475
-490
-428
-185
-211
-455
-84
-378
-73
-488
-210
-161
-130
-190
-140
-388
-480
-228
-50
-67
-323
-386
-352
-259
-288
-71
-31
-34
-93
-109
-53
-54
-452
-406
-40
-484
-184
-225
-16
-386
-13
-262
-484
-70
-21
-154
-281
-347
-332
-386
-319
-270
-474
-381
-202
1
-493
5
-37
-307
-127
-463
-123
-83
-86
-208
-170
-90
-59
-81
-44
-426
-121
-211
-465
-233
-171
-160
-185
-122
-193
-347
-220
-141
-133
-346
-438
-324
-454
-485
-429
-400
-316
1
-481
-423
-301
-173
-93
-362
-435
-101
-45
-315
-446
-274
-140
-4
-185
-436
-408
-441
-245
-438
-87
-110
-421
-362
-90
-325
-369
-267
-110
-480
-205
-4
-377
-340
-54
-115
-377
-147
-58
-497
-67
-437
-462
-290
-50
-457
-328
-289
-75
-354
-169
-217
-484
-453
-377
-216
-127
-123
8
-434
-202
-170
-152
-313
-269
-190
-457
-333
-452
-466
-201
-132
-73
-149
-147
-129
-41
-263
-461
-366
-213
-299
-13
-455
-416
-396
-379
-392
-367
-120
-141
-483
-15
-3
-337
-14
-447
-35
-38
-370
8
-392
-138
-253
-250
-243
-239
-39
-302
-133
-316
-282
-282
9
-369
-121
7
-311
-438
-323
-111
-51
-316
-408
-225
-24
-251
-10
-36
-456
-440
-364
-49
-223
-437
-451
-328
-95
-102
-436
-211
-405
-127
-180
-440
-228
-302
-118
-341
-291
-346
-248
-106
-214
-230
-86
-345
-352
-198
-266
-297
-80
-215
-92
-179
-180
-325
-349
-31
-130
-266
-447
-368
-258
-63
-33
-351
-50
-337
-343
-451
-263
-367
-84
-290
-254
-190
-357
-397
-68
-6
-264
-353
-393
-441
-374
-142
-184
-49
-107
-99
-454
-312
-10
-190
-60
-316
-176
-61
-39
-181
-216
-462
-46
-283
-293
-158
-85
0
-35
8
-366
-463
-352
-317
-495
-48
-457
-231
-284
-436
-27
-363
-470
-164
-405
-97
-221
-462
-171
-90
-106
-373
0
-324
-424
-371
-133
-1
-73
-86
-142
-101
-33
-371
-93
8
-184
-168
-27
-362
-375
-496
-270
2
-395
-155
-4
-268
-486
-101
-307
-47
-416
-347
-60
-274
-4
-464
-369
-485
-5
-436
-16
-387
-223
-104
-197
-336
-491
-418
-416
-494
-258
-349
-269
-111
-105
-360
-80
-47
-423
-441
-157
-422
-190
-384
-127
-297
-205
-413
-485
-306
-220
-61
-108
-167
-29
-78
-307
-499
-445
-301
-354
-139
-58
-283
-262
-39
-355
-445
-106
-338
-39
-31
-312
-480
-241
-248
-73
-5
-120
-115
-116
-217
-96
-136
-71
-449
-244
-17
-397
-460
-334
-481
-327
-482
-416
-319
-463
-424
-50
-112
-33
-157
-41
-85
-119
-241
-485
-243
-6
-113
-77
-87
-109
-250
-96
-496
-381
-166
-51
-108
-215
-373
-332
-20
-200
9
-371
-76
-34
-491
-300
-206
-302
-15
-41
-196
-274
-460
-382
-203
-272
-6
-421
-236
-385
-134
-373
-488
-295
-469
-134
-209
-475
-376
-363
-394
-192
-150
-494
-406
-187
-9
-123
-162
-480
-99
-424
-314
-157
-328
-276
-499
-331
-95
-85
-287
-454
-430
-284
-212
-367
-357
-191
-294
-362
-474
-126
-44
-497
-444
-488
-269
-44
-425
-1
-243
-362
-148
-96
-299
-93
-430
-398
-369
-379
-17
-278
-242
-252
-410
-363
-492
-137
-345
-365
-213
-390
-391
-294
-84
-486
-444
-393
-95
-380
-356
-196
-399
-338
-263
-486
-411
-455
-462
-414
-479
-366
-444
-477
-38
-482
-473
-81
-5
-39
-146
-204
-176
-384
-375
-105
-334
-478
-112
-354
-357
-224
-205
-428
-495
-169
-314
-379
-97
-465
-18
-459
-216
-241
-377
-417
-375
-331
-200
-354
-285
-68
-388
-19
-360
-445
-26
-480
-203
-413
-248
2
-117
-210
-479
-479
7
-52
-155
-461
-350
-469
-220
-497
-65
-351
-186
-126
-437
-103
-465
-245
-245
-431
-219
-183
-233
-480
-64
-96
-302
-409
-499
-194
-382
-124
-426
-455
-497
-340
-31
-16
-128
-431
-132
-360
1
-69
-479
-154
-462
-294
-477
-460
-354
-155
-16
-255
-335
-8
-400
-34
-30
-166
-26
-286
-176
-103
-28
-409
-447
-384
-117
9
-246
-29
-348
-336
-31
-218
-199
-132
-203
8
-491
-391
-95
-42
-427
-219
-262
-425
-494
-371
-8
-112
-486
-327
-489
-11
-229
-383
-221
-411
-445
-302
-94
-329
-217
-188
-128
-406
-293
-367
-160
-371
-105
-486
-346
-65
-83
-76
-332
-379
-411
-101
-324
-118
-329
-149
-433
-141
-21
-113
-162
-448
-470
-483
-95
-452
-429
-76
-473
-206
-99
-148
-312
-259
-478
-44
-216
-303
-83
-463
-155
-210
-326
-399
-180
-185
-420
-471
-157
-223
-392
-298
-45
-57
1
-391
-336
-166
-164
-241
-137
-461
-223
-421
-292
-167
-197
-370
-330
-324
-480
-19
-148
-288
-448
-306
-298
-136
-281
-119
-159
-415
-47
-158
-438
-384
-319
-231
-276
-350
-121
-153
7
-68
-459
-257
-374
-437
-364
-366
-225
-392
-14
-158
-6
8
-106
-173
-381
-149
-185
-141
-176
-499
-293
-103
-162
-349
-452
-449
-341
-229
-64
-217
4
-58
-154
-273
-71
-435
-261
-202
-178
-338
-272
-29
-5
-256
-475
-242
-309
-149
-370
-494
-285
-189
-104
-467
-263
-118
-212
-156
-392
-110
-259
-137
-446
-183
-413
-256
-147
-316
-387
-337
-439
-180
-334
-455
-488
-482
-347
7
-290
-341
-395
-97
-158
-485
-20
-498
-157
-75
-383
-94
-210
-212
-252
-465
-160
-224
-416
-412
-191
-232
-357
-411
-150
-368
-45
-304
-316
-414
-44
-293
-46
-297
-176
-107
-172
-359
-309
-218
-62
-67
-212
-83
-254
-255
-265
-88
-251
-365
-106
-170
-50
-261
-490
-209
-389
-368
-297
-288
-367
-79
-373
-489
-108
-101
-322
-283
-394
-151
-315
-21
-480
-323
-459
-292
-89
-356
-74
-205
-138
-356
-89
-286
-350
-90
-456
-5
-344
-425
-279
-92
-140
-136
-109
-13
-324
-329
-211
-280
-113
-377
-246
-114
-45
-194
-28
-397
-387
-73
-490
-196
-102
-204
9
-133
-247
-67
-310
-15
-413
-246
-448
-387
-372
-415
-429
-324
-233
-439
-284
-188
-50
-342
-29
-229
-341
-482
1
-279
-283
-274
-251
-369
-349
-296
-447
-254
-24
-171
-498
-483
-82
-118
-278
-105
-352
-232
-169
-250
-285
-112
-403
-168
-20
-57
-264
-141
-390
-106
-211
2
-441
-31
-441
-11
-468
-401
-155
-412
-121
-412
-455
-469
-109
-467
-319
-252
-167
-192
-66
-294
-301
-11
-182
-261
-267
-341
-328
-348
9
-76
-57
-401
-331
-18
-271
-336
-355
-240
0
-193
-475
9
-212
-148
-349
-336
-380
-159
-85
-239
-468
3
-162
-59
-213
-341
-137
-233
-203
-55
-117
-173
-45
-49
-261
-145
-183
-162
-328
-33
-142
-298
-496
-199
-154
-73
-118
-294
-100
-389
-444
-92
-166
-323
-67
-488
-231
-360
-399
-122
-305
9
4
-24
-463
-270
-289
-247
-475
-236
4
-128
-130
-442
-251
-320
-232
-109
-186
-281
-142
-48
-480
-384
-483
-276
-345
-152
-190
-241
-435
-62
-484
-366
-144
-303
-263
-406
-337
-71
-26
-412
-344
-285
-193
-337
-89
-93
-345
-102
-34
-488
-328
-10
-199
-388
-74
-308
-322
-110
-87
-427
-324
-466
-293
-276
-46
-137
-52
-166
-24
-214
-177
-144
-119
-307
-27
-395
-194
-472
-62
-355
-436
-34
-490
-181
-220
-452
-115
-331
-366
-238
-8
9
-422
-345
-146
-149
-302
-290
-164
-359
-1
-314
-341
-2
-296
-387
-386
-171
-302
-417
-478
-412
-314
-457
-251
-148
-335
-142
-73
-131
-78
-225
-152
-99
-89
-11
-33
-427
-15
-90
-403
-53
-339
-488
-346
-418
-23
-259
-26
-71
-253
-350
-77
-270
-232
-387
-86
-324
-330
-23
-381
-262
-292
-307
-259
-31
-401
-310
-450
-329
-365
-444
-162
-357
-203
-451
-333
-341
-466
-403
-300
-346
-200
-379
-232
-437
-210
-490
-179
-310
-154
-299
-153
-405
-135
-199
-18
-225
-43
-242
-224
-399
-354
-373
-463
-103
-369
-491
-265
-301
-340
-466
-277
-159
-362
-401
-479
-449
-179
-466
-359
-352
-16
-100
-416
-4
-123
-108
-33
-163
-269
-298
-336
7
-300
-97
-184
-326
-125
-157
-35
-193
-113
-3
-3
-470
-499
-135
-44
-210
-418
-256
-127
-301
-249
-205
5
-248
-145
-353
-476
-172
-217
-452
-489
-97
-495
-212
-274
-238
-102
-167
-490
-465
-20
-425
-462
-420
-302
-222
-200
-465
-358
-288
-181
-177
-141
-86
-109
-382
-321
-206
-205
-44
-205
-437
-383
-324
-164
-13
-174
-454
-183
-348
-453
-492
-61
-219
-327
-78
-289
-329
-285
-173
-154
-441
-346
-351
-379
-138
-193
-155
-26
-6
-153
-19
-190
-154
-115
-36
-20
-4
-100
-434
-166
-140
-307
-170
-439
-397
-257
-224
-262
-465
-319
-242
-482
-172
-151
-442
-295
-197
-221
-441
5
4
-165
-132
-78
-301
-449
-491
-77
-471
-204
-421
-494
-68
-245
-271
-212
-445
-159
-381
-462
-63
-425
-423
-235
-308
-409
-215
-291
-105
-150
-399
-474
-266
-424
8
-118
-418
-354
-380
-181
-466
-257
-258
-72
-317
-216
-359
-391
-249
-292
-92
-144
-302
-173
-332
-214
-217
-130
-66
-376
-213
-311
-80
-355
-103
-98
-245
-482
-456
-111
-294
-266
-235
-258
-304
-311
-19
-197
-176
-461
-287
-485
-359
-291
-356
-297
-214
-400
-120
-1
-325
-233
-163
-157
-417
-434
-148
-13
-402
-232
-499
-392
-5
-421
-14
-18
-121
-160
-124
-104
-414
-139
-308
-494
-483
-204
-272
-38
-300
-258
-114
-44
-43
-457
-68
-222
-273
-154
-476
-219
-97
-166
-144
-310
-471
-415
-390
-468
-282
-288
-391
-220
-143
1
-423
-34
-210
-446
-13
5
-130
-360
-233
-132
-340
-126
-110
-231
-285
-469
-178
-216
-263
-233
-99
-481
-293
-172
-47
-38
-204
-169
-160
-274
-198
-113
1
-273
-186
-397
-18
2
-128
-449
-319
-52
-129
-61
-56
-486
-457
-443
-471
-1
-470
-352
-190
-387
-293
-334
-133
-121
-108
-116
-24
-336
-124
-24
-91
-254
-86
-105
-10
-414
-494
-275
-29
-4
-70
-388
-360
-465
-342
-467
-102
-35
-25
-181
-71
-58
-444
-52
-242
-200
-17
5
-202
-351
-373
-289
-460
-67
-139
-286
-460
-57
-186
-291
-123
-169
-480
-216
-468
-40
-168
-136
-189
-137
-325
5
-345
-68
-345
-369
-96
-131
-40
-77
-155
-119
-118
-236
-346
-463
-110
-461
-281
-444
-133
-38
-180
-284
-45
-234
-467
-490
-69
-143
-438
-334
-450
-429
-67
-93
-437
-450
-345
-154
-312
-29
-253
-155
-173
-476
-362
-481
-160
-189
-421
-357
-495
-16
-453
-416
-445
-434
-322
-190
-54
-324
-222
-323
-94
1
-280
-91
-124
-182
-452
-487
-42
-49
-29
-28
-400
-251
-433
-231
-200
-221
-489
-353
-182
-1
-199
-242
-25
-439
-7
-32
-420
-418
-410
-139
-203
-389
-185
-222
-212
-118
-411
-275
-320
-442
-410
-152
-388
-52
-408
-263
-19
-395
-106
-304
-182
-363
-440
-49
-232
-429
-427
-97
-4
-336
-162
-313
-252
-310
-39
-166
-434
-251
-446
-128
-376
-34
-85
-268
-307
-339
-14
-407
-373
-297
-188
-98
-321
-93
-265
-401
-8
-56
-192
-389
-31
-164
-264
-276
-348
-263
-194
-470
-264
-464
-78
-193
-194
-398
-298
-281
-87
-415
-458
-226
-352
-370
-19
-127
-288
-364
-112
-344
-180
-39
8
2
-228
-18
5
-104
-103
-164
-72
-271
-430
-11
4
-1
-344
-32
-166
-36
-457
-2
-341
-179
-440
-354
-202
-252
-74
-414
-220
-402
-193
-224
-68
-484
-44
-333
-290
-110
-355
-212
-61
-470
-491
-470
-242
-199
-212
-67
-5
-417
-310
-81
-456
-173
-112
-144
-491
-23
-133
-62
-83
5
-465
-422
-160
-195
-17
-387
-306
-2
-63
-28
-381
-70
-339
-257
-147
-235
-154
-355
-391
-324
-476
-263
-253
-242
-343
-435
-351
-265
-461
-157
-131
-311
-467
-74
-121
-457
-498
-240
-181
-424
-421
-149
-318
-17
-229
-179
-398
-315
-141
-193
-43
-22
-219
-175
-268
3
-149
-62
-303
-453
-124
-347
-390
-433
-437
-6
-403
-436
-214
-244
-81
-271
-35
-22
-23
-218
-44
-162
-264
-224
-294
-420
-185
-310
-125
-37
-186
-361
-235
-166
-63
